@target G0.S0
@type xydy
-2.0 -373.26130 2.18571
-1.9 -376.40523 2.27835
-1.8 -378.23788 2.16155
-1.7 -381.62435 2.15224
-1.6 -367.33855 2.24934
-1.5 -365.75425 2.07708
-1.4 -382.71288 2.20067
-1.3 -384.64945 2.33543
-1.2 -387.92682 2.27796
-1.1 -386.71439 2.10893
-1.0 -402.90165 2.11605
-0.9 -400.04780 2.25314
-0.8 -396.31286 2.15055
-0.7 -409.43285 2.07742
-0.6 -411.78138 2.17846
-0.5 -415.35313 2.17860
-0.4 -409.95895 1.92570
-0.3 -417.08037 2.10947
-0.2 -414.98407 2.54912
-0.1 -413.94171 1.99483
0.0 -418.07896 2.25055
0.1 -415.44941 2.28606
0.2 -410.44352 1.88671
0.3 -428.29720 2.70140
0.4 -421.08923 2.17703
0.5 -433.15124 2.04984
0.6 -414.64850 2.14798
0.7 -405.75952 2.41935
0.8 -382.64184 2.05021
0.9 -377.07830 2.38055
1.0 -387.02929 1.85334
1.1 -370.27581 1.90752
1.2 -361.67486 2.02755
1.3 -361.50753 2.29853
1.4 -367.37138 2.26106
1.5 -342.77904 2.05385
1.6 -354.12969 2.24836
1.7 -328.42977 2.41219
1.8 -370.04730 1.96181
1.9 -376.46494 2.08223
2.0 -375.04675 2.14692
&
@target G1.S0
@type xydy
-2.0 -385.65456 2.39181
-1.9 -383.21884 2.30655
-1.8 -382.36420 2.20463
-1.7 -379.65258 2.16504
-1.6 -375.69904 2.10224
-1.5 -384.18047 1.92316
-1.4 -394.82761 2.02823
-1.3 -407.44951 2.10786
-1.2 -398.93775 2.13396
-1.1 -414.74303 2.11378
-1.0 -390.80480 1.98190
-0.9 -408.77631 2.08839
-0.8 -403.05024 2.28199
-0.7 -409.90020 2.26684
-0.6 -413.88424 2.30572
-0.5 -413.22338 1.87294
-0.4 -424.09788 2.09592
-0.3 -427.33492 2.19658
-0.2 -410.95510 2.26076
-0.1 -407.76412 2.17426
0.0 -414.62429 2.13901
0.1 -417.08798 1.96338
0.2 -411.21919 2.30873
0.3 -411.11196 2.19010
0.4 -410.31404 2.26159
0.5 -406.72831 2.17024
0.6 -397.87875 2.37229
0.7 -391.42773 2.07473
0.8 -400.54912 1.89261
0.9 -396.59282 2.21267
1.0 -375.10173 2.20402
1.1 -378.28192 2.18040
1.2 -383.00705 2.34429
1.3 -395.76477 2.04092
1.4 -377.74114 2.36858
1.5 -375.08927 2.14305
1.6 -353.27130 2.15664
1.7 -369.32192 2.09203
1.8 -379.51085 2.09502
1.9 -363.14212 2.08631
2.0 -364.71698 2.15722
&
@target G2.S0
@type xydy
-2.0 -345.54131 1.92232
-1.9 -350.36744 2.00884
-1.8 -351.20484 2.10519
-1.7 -362.67823 2.28235
-1.6 -373.05358 2.20768
-1.5 -382.29154 2.16094
-1.4 -389.20892 1.93655
-1.3 -372.29117 2.17791
-1.2 -377.97909 2.08099
-1.1 -370.72367 2.03371
-1.0 -380.96030 1.98114
-0.9 -378.85313 1.86321
-0.8 -385.67771 2.26292
-0.7 -380.44028 2.07032
-0.6 -387.37390 2.20981
-0.5 -388.59316 2.09748
-0.4 -399.66737 1.99674
-0.3 -408.32152 2.15708
-0.2 -406.89802 2.36820
-0.1 -409.38361 2.19630
0.0 -408.60093 2.17772
0.1 -418.63645 2.31023
0.2 -416.59569 2.12249
0.3 -419.56974 2.23583
0.4 -426.30063 2.30934
0.5 -414.69741 2.01615
0.6 -411.31447 2.08331
0.7 -412.98878 2.05435
0.8 -417.41314 2.14147
0.9 -413.12244 2.24293
1.0 -416.56586 2.71135
1.1 -412.29584 1.94766
1.2 -413.62062 2.15304
1.3 -400.95020 2.10090
1.4 -405.67654 2.21864
1.5 -398.86820 2.21924
1.6 -385.89065 1.96058
1.7 -386.52932 2.04328
1.8 -382.81174 1.93236
1.9 -394.40824 2.35873
2.0 -386.88770 2.15882
&
@target G3.S0
@type xydy
-2.0 -368.58324 2.10710
-1.9 -361.69843 1.98403
-1.8 -370.96232 2.22794
-1.7 -374.81821 2.16329
-1.6 -360.82867 2.18710
-1.5 -382.73463 2.31699
-1.4 -381.46851 2.22584
-1.3 -378.31321 2.03901
-1.2 -382.54273 2.14861
-1.1 -377.95146 2.05973
-1.0 -383.46310 2.33460
-0.9 -391.44384 1.99025
-0.8 -400.53493 2.10511
-0.7 -403.73037 1.79996
-0.6 -401.07995 2.16858
-0.5 -408.91943 2.17409
-0.4 -404.20024 1.93399
-0.3 -424.46811 2.07695
-0.2 -413.57041 2.22981
-0.1 -416.28196 2.29790
0.0 -426.27989 2.20138
0.1 -422.61764 2.12916
0.2 -429.54850 1.78470
0.3 -421.90884 2.02815
0.4 -422.31383 2.54305
0.5 -412.71866 1.95526
0.6 -405.70277 2.12655
0.7 -404.24941 2.04802
0.8 -402.60097 2.01728
0.9 -392.93512 2.03915
1.0 -386.87999 2.42479
1.1 -379.49106 2.20001
1.2 -387.84981 2.13282
1.3 -390.77684 2.05682
1.4 -380.36427 2.02824
1.5 -387.05063 2.07914
1.6 -380.47421 2.07440
1.7 -362.71397 1.95021
1.8 -379.04954 2.25061
1.9 -367.10563 2.11777
2.0 -365.91485 2.13672
&
@target G4.S0
@type xydy
-2.0 -362.88609 2.39236
-1.9 -351.56097 2.23966
-1.8 -348.96187 1.97049
-1.7 -339.13044 2.19199
-1.6 -366.04290 2.11090
-1.5 -355.24714 2.05289
-1.4 -360.12681 2.28179
-1.3 -376.79368 2.41393
-1.2 -392.79292 2.02614
-1.1 -398.83528 1.92674
-1.0 -387.83460 2.07018
-0.9 -400.05429 2.48250
-0.8 -398.76366 2.26867
-0.7 -402.19160 1.87868
-0.6 -400.78700 1.87577
-0.5 -406.19090 2.18993
-0.4 -410.24266 2.12779
-0.3 -410.70408 2.32416
-0.2 -416.43274 2.04595
-0.1 -419.87159 2.07885
0.0 -415.49546 2.17809
0.1 -403.92730 2.26702
0.2 -408.88186 2.09091
0.3 -405.13998 2.00398
0.4 -404.66533 1.97364
0.5 -407.17068 2.16223
0.6 -392.03076 2.05594
0.7 -382.05617 1.79980
0.8 -399.13082 2.16522
0.9 -377.13128 2.21155
1.0 -380.38115 1.93365
1.1 -376.08211 2.10001
1.2 -360.04237 1.74393
1.3 -361.53336 1.95325
1.4 -337.50341 2.01727
1.5 -357.07124 1.87376
1.6 -349.97861 2.25774
1.7 -343.74597 2.39227
1.8 -325.01634 2.07749
1.9 -347.35644 2.27892
2.0 -363.40201 2.25934
&
@target G5.S0
@type xydy
-2.0 -382.22097 2.17017
-1.9 -371.01194 2.29239
-1.8 -398.27527 2.16589
-1.7 -374.34558 2.31727
-1.6 -389.17603 2.09833
-1.5 -405.24287 2.07904
-1.4 -402.97934 2.26823
-1.3 -419.55554 2.21509
-1.2 -409.25184 2.11501
-1.1 -417.81225 2.16449
-1.0 -412.12623 2.20010
-0.9 -417.68161 2.10771
-0.8 -414.93217 1.92200
-0.7 -417.62778 2.52724
-0.6 -417.79928 2.27178
-0.5 -421.18326 2.02705
-0.4 -427.22497 2.18499
-0.3 -413.56238 1.98546
-0.2 -430.77772 2.22930
-0.1 -425.65298 2.11215
0.0 -416.32562 2.28372
0.1 -411.06193 2.31018
0.2 -395.67029 2.35041
0.3 -401.15385 2.24396
0.4 -401.86099 2.30555
0.5 -388.45146 2.10515
0.6 -383.41833 2.34173
0.7 -395.60334 2.37528
0.8 -397.78442 2.23714
0.9 -395.48259 2.27659
1.0 -382.95745 2.15839
1.1 -389.08799 1.99623
1.2 -388.34927 2.20600
1.3 -392.63051 2.23790
1.4 -371.79216 2.25144
1.5 -375.84893 1.99357
1.6 -372.34945 2.03654
1.7 -381.81238 2.18967
1.8 -355.96469 2.03329
1.9 -362.11172 2.11682
2.0 -362.22636 2.35413
&
@target G0.S1
@type xydy
-2.0 -358.43759 2.38810
-1.9 -355.92322 2.08582
-1.8 -371.62612 2.07884
-1.7 -382.09452 2.26293
-1.6 -384.05050 2.12994
-1.5 -376.57553 2.13957
-1.4 -414.05915 2.21976
-1.3 -396.68898 2.12517
-1.2 -387.31392 2.03410
-1.1 -392.21774 2.29376
-1.0 -393.26897 2.32154
-0.9 -406.85523 2.33474
-0.8 -409.72857 2.18840
-0.7 -408.75311 2.12692
-0.6 -412.98402 2.08486
-0.5 -413.92691 2.13739
-0.4 -421.79491 2.14114
-0.3 -421.22307 2.01658
-0.2 -417.81268 2.20755
-0.1 -422.26984 1.98112
0.0 -420.26363 2.03939
0.1 -410.90485 2.08323
0.2 -426.22934 2.22884
0.3 -415.32317 2.58993
0.4 -420.58772 2.10623
0.5 -424.16215 2.16955
0.6 -412.60851 2.00961
0.7 -400.82545 2.17466
0.8 -393.51274 2.00559
0.9 -379.60859 1.93991
1.0 -343.19212 2.45063
1.1 -372.26900 2.07441
1.2 -369.63025 2.12759
1.3 -398.49975 2.01922
1.4 -355.95530 2.11246
1.5 -349.22959 2.25286
1.6 -358.98241 2.25181
1.7 -332.36870 2.12745
1.8 -340.40013 2.02015
1.9 -392.48297 2.16258
2.0 -376.20555 2.27953
&
@target G1.S1
@type xydy
-2.0 -391.82054 2.08278
-1.9 -392.29431 2.24516
-1.8 -390.92125 2.11395
-1.7 -399.86412 2.08134
-1.6 -391.04241 2.26541
-1.5 -396.36693 2.07184
-1.4 -390.57838 2.18077
-1.3 -407.45938 2.04286
-1.2 -405.35123 2.15207
-1.1 -403.24762 2.22100
-1.0 -390.31676 2.03489
-0.9 -413.45731 2.15696
-0.8 -426.15995 2.29256
-0.7 -410.61903 2.11084
-0.6 -409.98864 2.25414
-0.5 -420.89273 2.24428
-0.4 -425.96499 2.13241
-0.3 -419.31092 2.06222
-0.2 -414.39689 2.12132
-0.1 -419.26534 2.00091
0.0 -420.12028 2.28769
0.1 -411.73832 1.99428
0.2 -403.37008 2.03775
0.3 -399.43748 2.18051
0.4 -397.34151 2.03306
0.5 -398.60753 2.52060
0.6 -397.31618 1.94153
0.7 -376.80877 1.97774
0.8 -382.38650 2.18628
0.9 -384.94120 2.22235
1.0 -378.43981 2.31876
1.1 -366.61810 1.93842
1.2 -357.02055 1.97504
1.3 -375.45500 2.19427
1.4 -385.33577 2.16144
1.5 -405.00761 2.17934
1.6 -384.42762 2.75948
1.7 -377.17119 2.16485
1.8 -363.84989 2.21395
1.9 -372.05250 2.05620
2.0 -363.09162 2.24110
&
@target G2.S1
@type xydy
-2.0 -375.46815 1.99902
-1.9 -374.04070 2.19187
-1.8 -376.97248 2.19519
-1.7 -374.86883 2.20284
-1.6 -384.08698 2.29975
-1.5 -388.73583 2.04368
-1.4 -379.56226 1.97554
-1.3 -387.51478 2.28379
-1.2 -382.56619 2.14151
-1.1 -391.40049 2.21912
-1.0 -393.09885 2.17914
-0.9 -395.48547 1.95729
-0.8 -371.84115 2.17346
-0.7 -376.06100 1.92571
-0.6 -386.32388 2.10239
-0.5 -399.61674 1.85869
-0.4 -398.29581 2.16460
-0.3 -403.05747 2.22583
-0.2 -418.14664 2.41383
-0.1 -410.98125 1.81283
0.0 -422.03262 2.00682
0.1 -421.53817 2.19827
0.2 -429.63630 2.10058
0.3 -427.21903 2.06890
0.4 -419.53077 2.29683
0.5 -412.31969 1.99609
0.6 -405.93333 2.07163
0.7 -409.46655 2.18396
0.8 -422.19975 2.12452
0.9 -423.19950 2.20713
1.0 -421.56419 2.00960
1.1 -412.79571 2.26750
1.2 -386.59664 2.02190
1.3 -376.07655 2.19041
1.4 -398.78016 2.05296
1.5 -420.34968 2.33734
1.6 -380.75151 2.16349
1.7 -408.70134 2.26357
1.8 -366.77491 2.02207
1.9 -362.93200 2.28981
2.0 -366.78885 2.24437
&
@target G3.S1
@type xydy
-2.0 -368.65370 2.12503
-1.9 -381.34204 2.16795
-1.8 -357.65225 2.23438
-1.7 -360.92552 2.11328
-1.6 -375.97195 2.01399
-1.5 -377.32539 1.98344
-1.4 -390.70291 2.18414
-1.3 -391.89023 2.46846
-1.2 -396.65093 2.21173
-1.1 -402.70670 2.02312
-1.0 -407.75571 2.05703
-0.9 -407.23699 2.18149
-0.8 -414.13661 2.22038
-0.7 -408.54945 2.15190
-0.6 -392.20363 2.28174
-0.5 -389.73053 2.26536
-0.4 -402.34003 2.21371
-0.3 -412.29555 2.20248
-0.2 -413.70670 2.10825
-0.1 -410.30730 2.32257
0.0 -411.46275 2.31740
0.1 -412.01992 2.07694
0.2 -408.31031 2.19347
0.3 -399.64359 2.30626
0.4 -401.11742 2.06729
0.5 -400.86575 1.88068
0.6 -399.32793 2.26633
0.7 -397.44424 2.49725
0.8 -403.65409 2.24998
0.9 -407.57243 2.23196
1.0 -397.16173 1.96207
1.1 -400.19527 2.13019
1.2 -382.84941 2.16159
1.3 -385.85244 2.13358
1.4 -398.31954 2.03589
1.5 -397.80343 2.22648
1.6 -376.30615 1.96508
1.7 -394.82216 2.21902
1.8 -362.10434 2.19781
1.9 -384.84541 2.09908
2.0 -385.77192 2.41093
&
@target G4.S1
@type xydy
-2.0 -357.10411 2.08095
-1.9 -378.56348 2.25488
-1.8 -361.23617 2.04663
-1.7 -372.47965 1.93994
-1.6 -383.95280 2.05926
-1.5 -381.82343 2.05485
-1.4 -370.51986 2.32541
-1.3 -386.23515 2.11929
-1.2 -406.79514 2.13996
-1.1 -411.17129 2.30509
-1.0 -394.51165 2.10649
-0.9 -402.23357 2.22688
-0.8 -385.40498 2.35253
-0.7 -396.05240 2.25495
-0.6 -402.93140 2.03519
-0.5 -408.14810 2.12414
-0.4 -406.02497 1.99758
-0.3 -414.97579 1.85564
-0.2 -410.16652 2.25654
-0.1 -409.25342 2.04625
0.0 -413.70753 2.02588
0.1 -418.39637 2.04209
0.2 -407.88938 2.18438
0.3 -401.19619 2.15903
0.4 -409.58848 2.10059
0.5 -402.70551 2.29793
0.6 -405.75940 2.28142
0.7 -390.80179 2.10049
0.8 -367.56769 2.24343
0.9 -374.77836 2.02187
1.0 -360.30749 2.32546
1.1 -364.87459 2.10152
1.2 -370.80533 2.33527
1.3 -356.94887 2.16548
1.4 -343.84601 2.15309
1.5 -346.31521 2.09894
1.6 -352.95317 2.17426
1.7 -349.92943 2.12783
1.8 -330.22875 2.28641
1.9 -320.48745 2.37249
2.0 -326.64417 2.16597
&
@target G5.S1
@type xydy
-2.0 -366.45377 1.95285
-1.9 -376.27002 2.23843
-1.8 -394.25542 2.29137
-1.7 -393.88566 2.18058
-1.6 -404.30701 2.23871
-1.5 -404.19282 2.33675
-1.4 -404.12872 2.18445
-1.3 -406.87111 2.04959
-1.2 -411.09199 2.04401
-1.1 -404.72474 2.30539
-1.0 -407.24643 2.06419
-0.9 -398.69892 1.99305
-0.8 -411.34353 2.01005
-0.7 -417.12078 1.99238
-0.6 -411.18922 2.16691
-0.5 -416.89015 1.93004
-0.4 -407.85040 1.97980
-0.3 -420.21068 2.06380
-0.2 -406.75243 2.24220
-0.1 -417.94736 2.29633
0.0 -420.13945 2.17230
0.1 -404.07490 2.13635
0.2 -405.92650 2.01201
0.3 -400.35438 2.15353
0.4 -391.41757 2.23463
0.5 -397.70656 2.08411
0.6 -397.94747 2.03448
0.7 -407.18673 2.28455
0.8 -410.66918 1.87465
0.9 -380.83133 2.22972
1.0 -384.28126 2.15056
1.1 -385.49883 2.15998
1.2 -374.12000 2.29538
1.3 -366.24599 1.90044
1.4 -387.13471 2.17061
1.5 -382.02189 2.40608
1.6 -395.79140 2.21398
1.7 -389.58864 2.23175
1.8 -360.27372 2.16136
1.9 -393.65002 2.29517
2.0 -379.14043 2.41331
&
@target G0.S2
@type xydy
-2.0 -365.87922 1.88188
-1.9 -333.48703 2.08364
-1.8 -377.65672 2.00407
-1.7 -392.56309 2.11057
-1.6 -391.33232 2.20664
-1.5 -373.82833 2.12614
-1.4 -397.46879 1.98316
-1.3 -378.57993 2.10305
-1.2 -399.02100 2.13902
-1.1 -408.01172 2.05047
-1.0 -411.19337 2.06011
-0.9 -393.88499 1.91481
-0.8 -414.12411 2.07869
-0.7 -417.83115 2.15886
-0.6 -418.79447 1.98456
-0.5 -419.16952 2.25523
-0.4 -420.78796 2.11077
-0.3 -421.32877 2.07324
-0.2 -417.32892 1.90578
-0.1 -409.25129 2.23260
0.0 -405.36926 2.20293
0.1 -415.53716 2.34360
0.2 -405.85852 2.10842
0.3 -433.14746 2.10459
0.4 -415.86931 2.18427
0.5 -395.43683 2.25939
0.6 -412.33219 2.16877
0.7 -423.58096 2.23036
0.8 -386.99338 2.12349
0.9 -387.05439 2.30169
1.0 -384.96036 2.27939
1.1 -352.97266 2.29603
1.2 -371.09686 2.33469
1.3 -374.69897 2.04723
1.4 -363.66906 2.19402
1.5 -364.73069 2.36986
1.6 -357.98821 2.21556
1.7 -350.03316 1.96725
1.8 -377.35160 2.26362
1.9 -383.04174 2.10743
2.0 -393.73528 2.23043
&
@target G1.S2
@type xydy
-2.0 -389.78131 2.30742
-1.9 -382.27660 2.04482
-1.8 -401.89694 2.29917
-1.7 -407.27814 2.14499
-1.6 -390.70088 2.23947
-1.5 -385.77412 2.15522
-1.4 -381.25841 2.16092
-1.3 -382.37027 2.02497
-1.2 -407.28101 2.30302
-1.1 -398.08311 2.18854
-1.0 -389.05319 2.35975
-0.9 -408.19191 2.13511
-0.8 -422.76326 2.21936
-0.7 -410.10025 2.31193
-0.6 -409.05940 2.26850
-0.5 -408.87821 1.93493
-0.4 -410.49943 2.03769
-0.3 -421.49328 2.37487
-0.2 -413.47816 2.08392
-0.1 -417.36479 2.12638
0.0 -407.69163 2.10596
0.1 -417.13845 2.22283
0.2 -406.06708 1.90981
0.3 -415.07633 2.15274
0.4 -406.42271 2.35357
0.5 -396.81392 2.23066
0.6 -398.78551 2.12326
0.7 -400.39658 2.11819
0.8 -396.32227 2.25587
0.9 -368.80568 2.13126
1.0 -376.11761 2.20276
1.1 -365.51025 2.19780
1.2 -384.31660 1.99884
1.3 -358.20842 2.07346
1.4 -382.60134 2.19644
1.5 -378.62362 2.34734
1.6 -364.86571 2.30678
1.7 -373.18640 2.34365
1.8 -363.19281 2.07228
1.9 -359.29642 2.27629
2.0 -359.72686 2.05486
&
@target G2.S2
@type xydy
-2.0 -366.55082 2.26461
-1.9 -355.26011 2.62055
-1.8 -379.38731 2.45440
-1.7 -370.57990 2.12901
-1.6 -365.41583 2.22383
-1.5 -381.93960 1.95720
-1.4 -387.87366 1.99374
-1.3 -392.70509 2.19323
-1.2 -386.08496 2.36538
-1.1 -382.96511 2.30285
-1.0 -388.39676 1.83106
-0.9 -400.47379 2.02740
-0.8 -396.71264 2.12766
-0.7 -392.41698 2.08906
-0.6 -391.09454 2.11667
-0.5 -394.43701 2.04719
-0.4 -398.46774 1.87504
-0.3 -412.51032 2.25552
-0.2 -404.00644 2.42515
-0.1 -393.20880 2.03585
0.0 -412.86064 2.27120
0.1 -418.77856 2.05544
0.2 -408.61700 2.04998
0.3 -406.42745 2.25514
0.4 -402.66297 2.01446
0.5 -418.14680 1.98308
0.6 -403.79540 2.10194
0.7 -412.40811 1.87501
0.8 -418.26913 2.12432
0.9 -412.62838 1.97816
1.0 -384.26401 2.12690
1.1 -395.52658 2.45657
1.2 -400.30369 2.19311
1.3 -387.87400 2.07610
1.4 -409.30798 2.12449
1.5 -371.77777 2.30427
1.6 -363.62790 2.25933
1.7 -384.22566 2.19369
1.8 -384.93072 2.12699
1.9 -362.44018 2.60923
2.0 -354.26749 1.94672
&
@target G3.S2
@type xydy
-2.0 -367.02450 2.02550
-1.9 -377.16772 2.13386
-1.8 -369.33639 2.27530
-1.7 -370.91579 1.93687
-1.6 -373.85830 2.17637
-1.5 -396.38970 2.41913
-1.4 -388.84142 2.32827
-1.3 -380.11870 2.13916
-1.2 -394.54436 2.05619
-1.1 -391.84292 2.14127
-1.0 -387.38377 2.22149
-0.9 -396.04572 2.16810
-0.8 -399.49558 2.39918
-0.7 -399.23912 2.19619
-0.6 -410.38288 2.07405
-0.5 -397.22469 2.08401
-0.4 -401.78144 2.08201
-0.3 -403.42615 2.15935
-0.2 -406.59283 2.09757
-0.1 -420.19261 2.15057
0.0 -417.97629 2.12132
0.1 -410.78112 2.19652
0.2 -421.23678 2.14686
0.3 -410.15401 2.03969
0.4 -425.10084 2.18959
0.5 -404.88741 1.95415
0.6 -419.15511 2.37216
0.7 -402.22354 2.12656
0.8 -405.14496 2.00291
0.9 -392.27156 2.25726
1.0 -392.09052 2.19355
1.1 -398.14813 1.88106
1.2 -406.34450 2.29573
1.3 -374.89784 2.13181
1.4 -366.28052 1.96073
1.5 -365.20913 2.23220
1.6 -394.47683 2.17425
1.7 -387.50008 2.18449
1.8 -363.65594 2.10189
1.9 -381.64473 2.31655
2.0 -387.39409 2.18431
&
@target G4.S2
@type xydy
-2.0 -364.16974 2.22021
-1.9 -360.10583 2.04975
-1.8 -374.33308 2.11198
-1.7 -353.58699 2.27624
-1.6 -379.46110 1.90661
-1.5 -369.62742 2.17779
-1.4 -364.03672 2.34381
-1.3 -349.26739 2.23899
-1.2 -383.92787 2.07522
-1.1 -376.97506 1.80810
-1.0 -386.02127 2.14105
-0.9 -377.18766 2.05400
-0.8 -383.62731 1.92176
-0.7 -391.75093 2.05422
-0.6 -401.30368 2.16162
-0.5 -409.84155 2.07700
-0.4 -398.67501 2.45529
-0.3 -412.91996 2.30262
-0.2 -406.98995 1.88865
-0.1 -406.68016 1.85335
0.0 -414.92459 1.99930
0.1 -405.04018 1.84957
0.2 -397.49370 2.10455
0.3 -385.89016 2.44430
0.4 -404.55607 2.13203
0.5 -404.38622 2.11069
0.6 -391.28322 2.18189
0.7 -387.48381 2.00073
0.8 -384.07039 1.96139
0.9 -381.76778 2.00699
1.0 -363.70879 2.01506
1.1 -365.96984 2.04823
1.2 -359.79022 2.43388
1.3 -337.13120 2.18278
1.4 -316.97042 2.29614
1.5 -336.70074 2.26090
1.6 -338.87436 2.06468
1.7 -356.12649 2.11503
1.8 -320.59756 2.30538
1.9 -344.99507 2.19030
2.0 -351.08284 2.18302
&
@target G5.S2
@type xydy
-2.0 -374.14372 2.37521
-1.9 -393.92437 2.19916
-1.8 -404.67816 2.17391
-1.7 -404.24471 2.21420
-1.6 -388.60597 2.34598
-1.5 -378.21602 2.10036
-1.4 -401.53403 2.08030
-1.3 -394.93444 2.24335
-1.2 -402.89541 2.37728
-1.1 -408.22528 2.39819
-1.0 -414.24735 2.22139
-0.9 -420.11502 2.40329
-0.8 -410.85661 2.18431
-0.7 -409.23759 2.09186
-0.6 -395.02268 2.05438
-0.5 -397.54904 2.25069
-0.4 -411.95964 2.07967
-0.3 -413.46050 2.23955
-0.2 -412.59379 2.06306
-0.1 -410.80186 1.83281
0.0 -423.92392 2.03321
0.1 -419.65030 1.91754
0.2 -400.76759 2.03383
0.3 -410.37658 2.01223
0.4 -396.11783 2.45929
0.5 -394.28004 2.21951
0.6 -393.57074 2.14643
0.7 -402.51587 2.19272
0.8 -396.00245 2.09757
0.9 -385.72899 2.39880
1.0 -377.18647 2.31621
1.1 -389.52872 2.12066
1.2 -377.26744 2.16470
1.3 -373.34772 2.12334
1.4 -381.44618 1.85131
1.5 -380.88651 2.34925
1.6 -369.54014 2.45356
1.7 -383.00827 2.38630
1.8 -407.02926 2.12669
1.9 -396.10422 2.47563
2.0 -391.96789 2.27507
&
