@target G0.S0
@type xy
-2.0 -503.19720
-1.9 -506.96949
-1.8 -507.91335
-1.7 -512.08050
-1.6 -497.50799
-1.5 -496.05208
-1.4 -512.78688
-1.3 -514.92135
-1.2 -518.11466
-1.1 -517.29570
-1.0 -533.56293
-0.9 -530.86770
-0.8 -527.21161
-0.7 -539.98932
-0.6 -542.20947
-0.5 -545.41559
-0.4 -540.33790
-0.3 -547.26798
-0.2 -545.36899
-0.1 -544.93500
0.0 -548.87494
0.1 -545.94174
0.2 -540.66144
0.3 -558.52019
0.4 -551.57773
0.5 -563.33932
0.6 -544.93771
0.7 -536.01799
0.8 -513.60096
0.9 -507.37348
1.0 -517.32412
1.1 -500.26280
1.2 -492.27644
1.3 -492.08861
1.4 -497.76200
1.5 -473.05572
1.6 -484.53748
1.7 -459.34978
1.8 -500.18972
1.9 -506.43046
2.0 -505.19352
&
@target G1.S0
@type xy
-2.0 -516.39599
-1.9 -513.80925
-1.8 -512.81818
-1.7 -510.01991
-1.6 -506.68359
-1.5 -513.88338
-1.4 -525.67435
-1.3 -537.70952
-1.2 -528.94035
-1.1 -545.27532
-1.0 -521.27473
-0.9 -538.90841
-0.8 -532.80360
-0.7 -540.94537
-0.6 -544.02787
-0.5 -544.00399
-0.4 -554.14957
-0.3 -557.76394
-0.2 -541.45442
-0.1 -538.49943
0.0 -545.49109
0.1 -547.69083
0.2 -541.45568
0.3 -541.84008
0.4 -540.74699
0.5 -537.65183
0.6 -528.45952
0.7 -522.20399
0.8 -531.02630
0.9 -527.47921
1.0 -505.41747
1.1 -508.67145
1.2 -513.46161
1.3 -526.44880
1.4 -507.74192
1.5 -505.61218
1.6 -483.48890
1.7 -499.29258
1.8 -509.98899
1.9 -493.20760
2.0 -495.14618
&
@target G2.S0
@type xy
-2.0 -475.59974
-1.9 -481.47630
-1.8 -481.41015
-1.7 -493.46127
-1.6 -503.33756
-1.5 -513.11118
-1.4 -519.97960
-1.3 -502.53788
-1.2 -507.90674
-1.1 -500.81625
-1.0 -511.35307
-0.9 -509.16482
-0.8 -516.20332
-0.7 -510.66342
-0.6 -518.22738
-0.5 -519.03330
-0.4 -530.05868
-0.3 -538.93300
-0.2 -537.31142
-0.1 -539.71936
0.0 -538.97991
0.1 -549.07655
0.2 -547.06494
0.3 -550.26216
0.4 -556.96830
0.5 -544.83856
0.6 -541.47146
0.7 -543.48704
0.8 -547.91415
0.9 -543.38406
1.0 -548.27325
1.1 -542.70917
1.2 -544.41673
1.3 -531.17498
1.4 -536.20919
1.5 -528.80679
1.6 -516.68282
1.7 -516.63445
1.8 -512.81941
1.9 -525.03528
2.0 -517.51457
&
@target G3.S0
@type xy
-2.0 -499.05315
-1.9 -492.31579
-1.8 -501.17548
-1.7 -504.94024
-1.6 -490.95444
-1.5 -513.93935
-1.4 -511.95345
-1.3 -508.40188
-1.2 -512.74804
-1.1 -508.09428
-1.0 -514.05234
-0.9 -522.28848
-0.8 -531.22621
-0.7 -534.34968
-0.6 -531.60048
-0.5 -539.78220
-0.4 -533.98883
-0.3 -554.87560
-0.2 -544.14557
-0.1 -547.20766
0.0 -556.69604
0.1 -552.97083
0.2 -559.85652
0.3 -552.29729
0.4 -552.78852
0.5 -543.14749
0.6 -536.01515
0.7 -534.69937
0.8 -532.62465
0.9 -523.41583
1.0 -517.42287
1.1 -510.22028
1.2 -518.57271
1.3 -521.04159
1.4 -510.95390
1.5 -517.30342
1.6 -511.04426
1.7 -493.32549
1.8 -509.40404
1.9 -497.29925
2.0 -496.22748
&
@target G4.S0
@type xy
-2.0 -492.80441
-1.9 -481.80640
-1.8 -479.32699
-1.7 -469.87969
-1.6 -496.14445
-1.5 -485.98661
-1.4 -490.06765
-1.3 -507.07688
-1.2 -522.87530
-1.1 -528.96943
-1.0 -519.53202
-0.9 -530.33172
-0.8 -529.48861
-0.7 -532.79145
-0.6 -530.70783
-0.5 -536.33287
-0.4 -540.63783
-0.3 -541.68208
-0.2 -547.16336
-0.1 -550.22551
0.0 -546.06749
0.1 -534.68899
0.2 -538.82772
0.3 -535.28458
0.4 -535.21661
0.5 -537.71424
0.6 -522.41974
0.7 -512.23637
0.8 -529.40722
0.9 -507.31148
1.0 -510.62808
1.1 -506.55087
1.2 -490.53232
1.3 -492.06888
1.4 -467.64553
1.5 -487.69261
1.6 -481.98785
1.7 -473.81819
1.8 -455.05106
1.9 -477.56316
2.0 -493.89281
&
@target G5.S0
@type xy
-2.0 -512.25040
-1.9 -501.24144
-1.8 -528.62462
-1.7 -504.75550
-1.6 -519.49174
-1.5 -535.43215
-1.4 -533.00449
-1.3 -550.26357
-1.2 -539.75971
-1.1 -548.34719
-1.0 -542.50067
-0.9 -547.71738
-0.8 -545.19658
-0.7 -548.14594
-0.6 -548.23663
-0.5 -551.37164
-0.4 -557.43204
-0.3 -543.84079
-0.2 -561.29941
-0.1 -556.12476
0.0 -546.62236
0.1 -541.66629
0.2 -526.10802
0.3 -531.58407
0.4 -532.22185
0.5 -519.03505
0.6 -513.74794
0.7 -526.10574
0.8 -528.23315
0.9 -525.97980
1.0 -513.22457
1.1 -519.68432
1.2 -518.44061
1.3 -522.82945
1.4 -502.05326
1.5 -506.34976
1.6 -502.58958
1.7 -512.24361
1.8 -486.44757
1.9 -492.19114
2.0 -492.55333
&
@target G0.S1
@type xy
-2.0 -488.22157
-1.9 -486.14491
-1.8 -501.91295
-1.7 -512.28771
-1.6 -514.54770
-1.5 -507.42407
-1.4 -544.26943
-1.3 -526.90455
-1.2 -517.64809
-1.1 -523.07969
-1.0 -523.86720
-0.9 -537.37754
-0.8 -540.36964
-0.7 -539.54168
-0.6 -543.37032
-0.5 -544.43453
-0.4 -552.45378
-0.3 -551.59846
-0.2 -548.61339
-0.1 -552.76134
0.0 -550.90199
0.1 -541.63563
0.2 -556.94480
0.3 -546.16179
0.4 -550.73413
0.5 -554.57470
0.6 -542.70863
0.7 -531.14694
0.8 -523.36076
0.9 -510.24460
1.0 -473.54652
1.1 -502.85894
1.2 -499.91935
1.3 -529.07225
1.4 -486.40898
1.5 -479.80082
1.6 -489.02849
1.7 -462.90887
1.8 -471.66079
1.9 -523.20748
2.0 -506.40329
&
@target G1.S1
@type xy
-2.0 -522.61851
-1.9 -522.56674
-1.8 -521.72315
-1.7 -530.65416
-1.6 -521.38982
-1.5 -526.20326
-1.4 -521.42767
-1.3 -537.78340
-1.2 -535.67465
-1.1 -533.84020
-1.0 -520.13709
-0.9 -543.98711
-0.8 -556.37017
-0.7 -541.20457
-0.6 -540.52055
-0.5 -550.94031
-0.4 -556.65044
-0.3 -549.49784
-0.2 -544.58801
-0.1 -549.93477
0.0 -550.43252
0.1 -541.60369
0.2 -534.31338
0.3 -530.07006
0.4 -528.20474
0.5 -529.16351
0.6 -528.18909
0.7 -507.47095
0.8 -512.78531
0.9 -515.51753
1.0 -508.89602
1.1 -497.54040
1.2 -487.44077
1.3 -506.00586
1.4 -515.82790
1.5 -535.38378
1.6 -514.58517
1.7 -507.36317
1.8 -494.03265
1.9 -502.38150
2.0 -493.36094
&
@target G2.S1
@type xy
-2.0 -506.25725
-1.9 -504.29223
-1.8 -507.49495
-1.7 -505.38342
-1.6 -513.92045
-1.5 -518.73204
-1.4 -510.42073
-1.3 -517.95058
-1.2 -513.05798
-1.1 -521.98345
-1.0 -524.20091
-0.9 -525.43676
-0.8 -502.55108
-0.7 -506.22301
-0.6 -516.58544
-0.5 -530.04964
-0.4 -529.08535
-0.3 -533.22927
-0.2 -548.80410
-0.1 -541.69244
0.0 -552.27270
0.1 -551.60323
0.2 -559.64376
0.3 -557.68537
0.4 -549.54881
0.5 -543.05239
0.6 -536.82150
0.7 -540.10592
0.8 -552.75845
0.9 -553.79309
1.0 -552.11783
1.1 -543.41353
1.2 -516.66679
1.3 -506.39464
1.4 -528.64185
1.5 -550.85346
1.6 -511.29851
1.7 -539.27243
1.8 -497.75285
1.9 -493.14183
2.0 -497.76076
&
@target G3.S1
@type xy
-2.0 -498.59869
-1.9 -511.64134
-1.8 -487.99523
-1.7 -491.42200
-1.6 -506.41499
-1.5 -507.49683
-1.4 -520.98192
-1.3 -522.38412
-1.2 -527.01105
-1.1 -533.26026
-1.0 -537.38426
-0.9 -537.72409
-0.8 -544.57720
-0.7 -538.79758
-0.6 -523.15059
-0.5 -520.27746
-0.4 -532.99300
-0.3 -543.11946
-0.2 -544.13435
-0.1 -541.20270
0.0 -542.18432
0.1 -542.87807
0.2 -538.22940
0.3 -530.25304
0.4 -531.80328
0.5 -531.56958
0.6 -529.79633
0.7 -528.04533
0.8 -534.22395
0.9 -538.10568
1.0 -527.29893
1.1 -531.01788
1.2 -513.45382
1.3 -516.43994
1.4 -528.47078
1.5 -528.12644
1.6 -506.13655
1.7 -524.97879
1.8 -492.15288
1.9 -514.82284
2.0 -516.77931
&
@target G4.S1
@type xy
-2.0 -487.41734
-1.9 -508.70164
-1.8 -491.34782
-1.7 -503.10475
-1.6 -514.03293
-1.5 -511.87581
-1.4 -500.62792
-1.3 -516.58775
-1.2 -537.25933
-1.1 -541.81816
-1.0 -525.03391
-0.9 -532.36374
-0.8 -516.01955
-0.7 -526.53420
-0.6 -533.41718
-0.5 -538.72968
-0.4 -536.71552
-0.3 -545.49010
-0.2 -540.44002
-0.1 -539.75548
0.0 -544.16148
0.1 -548.63975
0.2 -538.40399
0.3 -531.53772
0.4 -539.48334
0.5 -533.12685
0.6 -536.32257
0.7 -520.79607
0.8 -497.96271
0.9 -505.38797
1.0 -490.48788
1.1 -495.06783
1.2 -501.78218
1.3 -486.79897
1.4 -474.19194
1.5 -476.24890
1.6 -482.58415
1.7 -480.62450
1.8 -460.27034
1.9 -450.24514
2.0 -457.28602
&
@target G5.S1
@type xy
-2.0 -496.75951
-1.9 -506.93835
-1.8 -524.57780
-1.7 -524.27681
-1.6 -534.46679
-1.5 -534.38840
-1.4 -534.34339
-1.3 -536.93702
-1.2 -541.35806
-1.1 -534.95656
-1.0 -537.70529
-0.9 -529.19192
-0.8 -541.71491
-0.7 -547.46608
-0.6 -541.10821
-0.5 -547.39588
-0.4 -538.66697
-0.3 -550.53761
-0.2 -537.08984
-0.1 -548.21318
0.0 -550.51104
0.1 -534.74826
0.2 -536.45836
0.3 -530.63715
0.4 -522.07834
0.5 -527.68439
0.6 -527.99715
0.7 -537.67905
0.8 -541.30352
0.9 -511.22714
1.0 -514.70752
1.1 -515.50139
1.2 -504.66590
1.3 -496.82131
1.4 -517.55474
1.5 -511.57105
1.6 -525.96727
1.7 -520.58291
1.8 -490.61670
1.9 -523.35344
2.0 -509.43156
&
@target G0.S2
@type xy
-2.0 -496.55855
-1.9 -463.28940
-1.8 -508.05366
-1.7 -522.40239
-1.6 -521.27605
-1.5 -503.93799
-1.4 -527.79598
-1.3 -509.20836
-1.2 -528.64571
-1.1 -538.25491
-1.0 -541.47140
-0.9 -524.15906
-0.8 -544.46534
-0.7 -548.42833
-0.6 -549.42964
-0.5 -549.71745
-0.4 -551.57195
-0.3 -551.72398
-0.2 -547.97062
-0.1 -539.62216
0.0 -536.10280
0.1 -545.86775
0.2 -536.01868
0.3 -563.13322
0.4 -546.48375
0.5 -525.91825
0.6 -542.37640
0.7 -553.84472
0.8 -517.16720
0.9 -517.85830
1.0 -515.41310
1.1 -483.54300
1.2 -501.26331
1.3 -504.77725
1.4 -493.97675
1.5 -495.05554
1.6 -488.03289
1.7 -480.83039
1.8 -508.26272
1.9 -513.30698
2.0 -523.60186
&
@target G1.S2
@type xy
-2.0 -520.09463
-1.9 -512.63413
-1.8 -532.58124
-1.7 -538.13520
-1.6 -521.26293
-1.5 -516.21679
-1.4 -511.10781
-1.3 -512.87686
-1.2 -538.17219
-1.1 -528.24602
-1.0 -519.73327
-0.9 -538.86415
-0.8 -553.63104
-0.7 -540.25142
-0.6 -539.17006
-0.5 -538.87187
-0.4 -540.54034
-0.3 -551.73920
-0.2 -543.93153
-0.1 -547.93456
0.0 -538.21877
0.1 -547.62729
0.2 -536.58580
0.3 -545.58527
0.4 -537.04151
0.5 -527.79216
0.6 -529.54207
0.7 -531.05725
0.8 -526.68917
0.9 -498.93645
1.0 -506.61268
1.1 -495.72699
1.2 -514.90009
1.3 -488.34386
1.4 -512.60107
1.5 -508.80471
1.6 -495.07088
1.7 -503.43198
1.8 -493.31939
1.9 -489.98480
2.0 -490.17427
&
@target G2.S2
@type xy
-2.0 -497.78741
-1.9 -485.65100
-1.8 -509.64926
-1.7 -501.17188
-1.6 -495.67759
-1.5 -512.65360
-1.4 -518.41295
-1.3 -522.67355
-1.2 -516.78110
-1.1 -513.32022
-1.0 -518.85537
-0.9 -530.62287
-0.8 -527.14966
-0.7 -523.08111
-0.6 -522.14142
-0.5 -524.82992
-0.4 -528.92085
-0.3 -542.70381
-0.2 -534.63666
-0.1 -523.41227
0.0 -543.27617
0.1 -549.15368
0.2 -539.29437
0.3 -537.19121
0.4 -533.80313
0.5 -548.49839
0.6 -533.96472
0.7 -542.94956
0.8 -548.54967
0.9 -543.08294
1.0 -514.62255
1.1 -525.60385
1.2 -530.64669
1.3 -518.26281
1.4 -539.37099
1.5 -503.37474
1.6 -494.26280
1.7 -514.31084
1.8 -514.98490
1.9 -493.21325
2.0 -484.52158
&
@target G3.S2
@type xy
-2.0 -497.41107
-1.9 -507.78974
-1.8 -499.50242
-1.7 -501.46699
-1.6 -504.49003
-1.5 -526.44256
-1.4 -519.71485
-1.3 -510.27846
-1.2 -524.84611
-1.1 -522.48982
-1.0 -517.72163
-0.9 -526.42018
-0.8 -529.92360
-0.7 -530.07770
-0.6 -540.73138
-0.5 -527.88878
-0.4 -532.43176
-0.3 -534.01628
-0.2 -537.02533
-0.1 -550.57226
0.0 -548.08252
0.1 -541.05281
0.2 -551.50161
0.3 -540.25473
0.4 -555.70979
0.5 -535.30972
0.6 -550.41212
0.7 -532.52480
0.8 -535.39457
0.9 -522.79515
1.0 -522.12924
1.1 -528.28604
1.2 -536.33272
1.3 -505.51561
1.4 -497.31444
1.5 -495.63661
1.6 -524.76521
1.7 -517.94261
1.8 -494.00273
1.9 -511.96578
2.0 -518.33374
&
@target G4.S2
@type xy
-2.0 -494.29996
-1.9 -490.30298
-1.8 -504.82701
-1.7 -483.79641
-1.6 -510.03041
-1.5 -499.59897
-1.4 -494.35581
-1.3 -479.34058
-1.2 -514.38497
-1.1 -508.05314
-1.0 -517.10624
-0.9 -507.55557
-0.8 -514.09570
-0.7 -522.46804
-0.6 -531.57361
-0.5 -540.32292
-0.4 -528.56111
-0.3 -543.07274
-0.2 -537.38739
-0.1 -536.87240
0.0 -545.69522
0.1 -535.63734
0.2 -528.05481
0.3 -516.72879
0.4 -535.30700
0.5 -534.95367
0.6 -521.99491
0.7 -517.86899
0.8 -514.58919
0.9 -512.27409
1.0 -494.15738
1.1 -496.01365
1.2 -489.83700
1.3 -467.21025
1.4 -446.87435
1.5 -467.00959
1.6 -469.39427
1.7 -486.10448
1.8 -450.85149
1.9 -475.72026
2.0 -482.12627
&
@target G5.S2
@type xy
-2.0 -504.38610
-1.9 -524.42685
-1.8 -535.01606
-1.7 -535.06733
-1.6 -519.26775
-1.5 -508.49369
-1.4 -531.58625
-1.3 -524.97513
-1.2 -533.03122
-1.1 -538.54327
-1.0 -545.10620
-0.9 -550.32385
-0.8 -541.13771
-0.7 -539.47270
-0.6 -525.27526
-0.5 -527.44929
-0.4 -542.12671
-0.3 -544.03217
-0.2 -543.08606
-0.1 -541.47288
0.0 -554.19618
0.1 -549.91049
0.2 -531.68878
0.3 -540.64244
0.4 -526.75819
0.5 -524.82114
0.6 -524.34567
0.7 -532.66178
0.8 -526.66663
0.9 -516.04407
1.0 -507.55592
1.1 -519.77986
1.2 -507.91411
1.3 -503.77533
1.4 -512.04711
1.5 -511.09279
1.6 -499.80268
1.7 -513.37144
1.8 -537.13119
1.9 -526.46124
2.0 -522.41161
&
