@target G0.S0
@type xy
-2.0 0.00773
-1.9 0.01944
-1.8 0.06089
-1.7 0.10263
-1.6 0.03218
-1.5 0.02942
-1.4 0.05308
-1.3 0.03278
-1.2 0.09957
-1.1 0.09616
-1.0 0.09671
-0.9 0.03056
-0.8 0.01694
-0.7 0.01601
-0.6 0.02932
-0.5 0.00505
-0.4 0.00234
-0.3 0.00049
-0.2 0.00029
-0.1 0.00030
0.0 0.00586
0.1 0.00359
0.2 0.00497
0.3 0.00647
0.4 0.00549
0.5 0.07874
0.6 0.08411
0.7 0.06189
0.8 0.02672
0.9 0.02929
1.0 0.23872
1.1 0.07017
1.2 0.10160
1.3 0.09885
1.4 0.16945
1.5 0.07435
1.6 0.13131
1.7 0.08098
1.8 0.08384
1.9 0.01799
2.0 0.04357
&
@target G1.S0
@type xy
-2.0 0.04446
-1.9 0.04426
-1.8 0.05911
-1.7 0.03955
-1.6 0.03249
-1.5 0.05974
-1.4 0.02776
-1.3 0.04196
-1.2 0.02761
-1.1 0.04275
-1.0 0.04542
-0.9 0.01907
-0.8 0.02120
-0.7 0.01543
-0.6 0.00738
-0.5 0.01036
-0.4 0.00216
-0.3 0.00080
-0.2 0.00068
-0.1 0.00012
0.0 0.00435
0.1 0.01047
0.2 0.00536
0.3 0.00412
0.4 0.00232
0.5 0.00146
0.6 0.00685
0.7 0.01537
0.8 0.01728
0.9 0.04500
1.0 0.05000
1.1 0.00915
1.2 0.02252
1.3 0.03497
1.4 0.04128
1.5 0.02328
1.6 0.05575
1.7 0.02830
1.8 0.01997
1.9 0.05004
2.0 0.02797
&
@target G2.S0
@type xy
-2.0 0.00606
-1.9 0.05312
-1.8 0.06101
-1.7 0.03027
-1.6 0.05336
-1.5 0.05827
-1.4 0.00790
-1.3 0.02955
-1.2 0.06843
-1.1 0.06445
-1.0 0.07603
-0.9 0.06591
-0.8 0.03813
-0.7 0.05707
-0.6 0.03758
-0.5 0.02125
-0.4 0.04780
-0.3 0.04155
-0.2 0.00638
-0.1 0.01112
0.0 0.01506
0.1 0.02710
0.2 0.00648
0.3 0.00073
0.4 0.00062
0.5 0.02084
0.6 0.02565
0.7 0.01069
0.8 0.03407
0.9 0.02974
1.0 0.02264
1.1 0.06562
1.2 0.09043
1.3 0.08213
1.4 0.14581
1.5 0.11692
1.6 0.12540
1.7 0.04615
1.8 0.03457
1.9 0.12229
2.0 0.11525
&
@target G3.S0
@type xy
-2.0 0.04481
-1.9 0.05415
-1.8 0.05407
-1.7 0.03714
-1.6 0.03102
-1.5 0.03820
-1.4 0.10082
-1.3 0.10749
-1.2 0.06076
-1.1 0.04169
-1.0 0.05381
-0.9 0.10516
-0.8 0.01906
-0.7 0.02138
-0.6 0.02540
-0.5 0.01100
-0.4 0.00087
-0.3 0.00021
-0.2 0.00005
-0.1 0.00590
0.0 0.00488
0.1 0.00156
0.2 0.00253
0.3 0.01338
0.4 0.00597
0.5 0.00488
0.6 0.03625
0.7 0.05111
0.8 0.01398
0.9 0.04993
1.0 0.08455
1.1 0.07029
1.2 0.02023
1.3 0.03029
1.4 0.06756
1.5 0.00284
1.6 0.01688
1.7 0.09367
1.8 0.00999
1.9 0.00528
2.0 0.03725
&
@target G4.S0
@type xy
-2.0 0.03841
-1.9 0.11503
-1.8 0.09183
-1.7 0.11257
-1.6 0.08264
-1.5 0.23323
-1.4 0.10215
-1.3 0.12623
-1.2 0.04169
-1.1 0.12413
-1.0 0.05064
-0.9 0.21022
-0.8 0.08056
-0.7 0.09034
-0.6 0.13222
-0.5 0.05972
-0.4 0.01878
-0.3 0.00789
-0.2 0.00852
-0.1 0.03427
0.0 0.00257
0.1 0.00123
0.2 0.05056
0.3 0.03528
0.4 0.09761
0.5 0.10583
0.6 0.02613
0.7 0.01319
0.8 0.10742
0.9 0.12912
1.0 0.26913
1.1 0.15998
1.2 0.21119
1.3 0.10921
1.4 0.17937
1.5 0.10216
1.6 0.25394
1.7 0.26050
1.8 0.16817
1.9 0.10275
2.0 0.13007
&
@target G5.S0
@type xy
-2.0 0.07194
-1.9 0.10853
-1.8 0.05427
-1.7 0.16211
-1.6 0.07728
-1.5 0.14527
-1.4 0.07368
-1.3 0.02449
-1.2 0.06490
-1.1 0.03884
-1.0 0.04034
-0.9 0.01288
-0.8 0.01101
-0.7 0.01025
-0.6 0.01448
-0.5 0.01840
-0.4 0.01976
-0.3 0.00179
-0.2 0.00022
-0.1 0.00148
0.0 0.00045
0.1 0.00735
0.2 0.01090
0.3 0.01983
0.4 0.02062
0.5 0.00328
0.6 0.07082
0.7 0.04048
0.8 0.06878
0.9 0.04687
1.0 0.02560
1.1 0.09239
1.2 0.06945
1.3 0.04765
1.4 0.11193
1.5 0.04388
1.6 0.06266
1.7 0.08958
1.8 0.08724
1.9 0.02808
2.0 0.03687
&
@target G0.S1
@type xy
-2.0 0.02088
-1.9 0.01098
-1.8 0.07858
-1.7 0.02178
-1.6 0.07003
-1.5 0.04530
-1.4 0.10377
-1.3 0.05450
-1.2 0.02444
-1.1 0.11643
-1.0 0.09516
-0.9 0.04197
-0.8 0.00723
-0.7 0.00606
-0.6 0.02466
-0.5 0.00758
-0.4 0.00504
-0.3 0.00012
-0.2 0.00167
-0.1 0.00029
0.0 0.00463
0.1 0.00386
0.2 0.00128
0.3 0.00903
0.4 0.04492
0.5 0.11251
0.6 0.10229
0.7 0.13752
0.8 0.20205
0.9 0.26707
1.0 0.17888
1.1 0.00691
1.2 0.18718
1.3 0.07143
1.4 0.23670
1.5 0.13035
1.6 0.27668
1.7 0.20431
1.8 0.02098
1.9 0.01295
2.0 0.07453
&
@target G1.S1
@type xy
-2.0 0.00027
-1.9 0.00150
-1.8 0.08041
-1.7 0.03196
-1.6 0.04179
-1.5 0.06300
-1.4 0.05564
-1.3 0.04432
-1.2 0.05093
-1.1 0.00892
-1.0 0.02498
-0.9 0.00006
-0.8 0.00704
-0.7 0.01707
-0.6 0.01775
-0.5 0.00482
-0.4 0.00214
-0.3 0.00115
-0.2 0.00183
-0.1 0.00009
0.0 0.00015
0.1 0.00002
0.2 0.00164
0.3 0.00028
0.4 0.00659
0.5 0.00380
0.6 0.00001
0.7 0.00865
0.8 0.01539
0.9 0.01077
1.0 0.01039
1.1 0.02986
1.2 0.10352
1.3 0.04766
1.4 0.03989
1.5 0.00845
1.6 0.02508
1.7 0.04568
1.8 0.02083
1.9 0.05181
2.0 0.02792
&
@target G2.S1
@type xy
-2.0 0.08036
-1.9 0.02251
-1.8 0.01819
-1.7 0.09145
-1.6 0.04105
-1.5 0.03099
-1.4 0.02559
-1.3 0.03208
-1.2 0.05676
-1.1 0.04288
-1.0 0.04093
-0.9 0.07038
-0.8 0.05141
-0.7 0.01813
-0.6 0.04715
-0.5 0.02730
-0.4 0.01365
-0.3 0.02371
-0.2 0.01291
-0.1 0.02841
0.0 0.00714
0.1 0.03033
0.2 0.00003
0.3 0.00014
0.4 0.00044
0.5 0.00002
0.6 0.01800
0.7 0.04948
0.8 0.03674
0.9 0.02317
1.0 0.02950
1.1 0.05399
1.2 0.04586
1.3 0.03577
1.4 0.09583
1.5 0.09872
1.6 0.09538
1.7 0.05040
1.8 0.03519
1.9 0.07619
2.0 0.08323
&
@target G3.S1
@type xy
-2.0 0.00769
-1.9 0.03135
-1.8 0.04018
-1.7 0.05406
-1.6 0.00804
-1.5 0.03207
-1.4 0.01020
-1.3 0.07651
-1.2 0.04159
-1.1 0.04806
-1.0 0.02769
-0.9 0.04291
-0.8 0.01355
-0.7 0.02786
-0.6 0.01245
-0.5 0.01140
-0.4 0.00443
-0.3 0.00731
-0.2 0.00804
-0.1 0.00001
0.0 0.00095
0.1 0.00005
0.2 0.00369
0.3 0.00849
0.4 0.02843
0.5 0.02566
0.6 0.01421
0.7 0.00791
0.8 0.04290
0.9 0.05096
1.0 0.05843
1.1 0.06795
1.2 0.03073
1.3 0.01530
1.4 0.00137
1.5 0.01339
1.6 0.00877
1.7 0.00891
1.8 0.02433
1.9 0.02217
2.0 0.06762
&
@target G4.S1
@type xy
-2.0 0.00628
-1.9 0.04359
-1.8 0.00313
-1.7 0.01486
-1.6 0.02447
-1.5 0.04161
-1.4 0.03052
-1.3 0.08462
-1.2 0.13198
-1.1 0.22609
-1.0 0.08541
-0.9 0.19045
-0.8 0.12631
-0.7 0.09153
-0.6 0.08315
-0.5 0.02235
-0.4 0.03143
-0.3 0.02116
-0.2 0.00121
-0.1 0.00998
0.0 0.01233
0.1 0.01677
0.2 0.01121
0.3 0.04578
0.4 0.07128
0.5 0.09970
0.6 0.03329
0.7 0.07149
0.8 0.07207
0.9 0.06246
1.0 0.05912
1.1 0.11417
1.2 0.25588
1.3 0.05512
1.4 0.57588
1.5 0.32153
1.6 0.13745
1.7 0.08931
1.8 0.36101
1.9 0.47271
2.0 0.44763
&
@target G5.S1
@type xy
-2.0 0.06060
-1.9 0.05595
-1.8 0.05048
-1.7 0.06998
-1.6 0.04570
-1.5 0.08231
-1.4 0.11709
-1.3 0.04431
-1.2 0.07521
-1.1 0.07399
-1.0 0.01950
-0.9 0.04222
-0.8 0.00010
-0.7 0.01988
-0.6 0.02223
-0.5 0.03836
-0.4 0.00601
-0.3 0.00517
-0.2 0.00391
-0.1 0.00451
0.0 0.00220
0.1 0.00089
0.2 0.00753
0.3 0.03012
0.4 0.03168
0.5 0.01268
0.6 0.04200
0.7 0.10665
0.8 0.02269
0.9 0.07793
1.0 0.07125
1.1 0.06472
1.2 0.25933
1.3 0.12707
1.4 0.03149
1.5 0.02312
1.6 0.08841
1.7 0.01492
1.8 0.05093
1.9 0.02563
2.0 0.12158
&
@target G0.S2
@type xy
-2.0 0.00543
-1.9 0.02172
-1.8 0.01643
-1.7 0.03274
-1.6 0.03275
-1.5 0.03979
-1.4 0.01568
-1.3 0.00675
-1.2 0.03059
-1.1 0.08274
-1.0 0.03267
-0.9 0.06411
-0.8 0.01323
-0.7 0.02654
-0.6 0.00216
-0.5 0.00424
-0.4 0.00005
-0.3 0.00044
-0.2 0.00054
-0.1 0.00230
0.0 0.00852
0.1 0.00568
0.2 0.00236
0.3 0.03823
0.4 0.05351
0.5 0.05576
0.6 0.07302
0.7 0.09346
0.8 0.20192
0.9 0.20662
1.0 0.16716
1.1 0.12139
1.2 0.15571
1.3 0.05744
1.4 0.12444
1.5 0.06667
1.6 0.04651
1.7 0.10665
1.8 0.01657
1.9 0.04709
2.0 0.06507
&
@target G1.S2
@type xy
-2.0 0.00454
-1.9 0.05216
-1.8 0.01575
-1.7 0.02620
-1.6 0.03197
-1.5 0.04973
-1.4 0.02405
-1.3 0.04320
-1.2 0.05949
-1.1 0.02722
-1.0 0.01227
-0.9 0.00458
-0.8 0.00464
-0.7 0.02815
-0.6 0.01053
-0.5 0.00721
-0.4 0.00327
-0.3 0.00071
-0.2 0.00011
-0.1 0.00095
0.0 0.00054
0.1 0.00004
0.2 0.00018
0.3 0.00687
0.4 0.00662
0.5 0.00594
0.6 0.00009
0.7 0.00553
0.8 0.00570
0.9 0.00782
1.0 0.02503
1.1 0.07240
1.2 0.01794
1.3 0.01911
1.4 0.02333
1.5 0.03652
1.6 0.06944
1.7 0.06843
1.8 0.08213
1.9 0.04185
2.0 0.08508
&
@target G2.S2
@type xy
-2.0 0.00070
-1.9 0.10317
-1.8 0.07297
-1.7 0.12018
-1.6 0.01357
-1.5 0.06262
-1.4 0.03659
-1.3 0.02842
-1.2 0.06738
-1.1 0.03911
-1.0 0.05282
-0.9 0.03104
-0.8 0.01679
-0.7 0.02788
-0.6 0.01617
-0.5 0.04766
-0.4 0.01650
-0.3 0.00877
-0.2 0.00257
-0.1 0.00022
0.0 0.00629
0.1 0.00149
0.2 0.00557
0.3 0.00233
0.4 0.00584
0.5 0.00550
0.6 0.02548
0.7 0.03545
0.8 0.00670
0.9 0.03264
1.0 0.06890
1.1 0.10712
1.2 0.08795
1.3 0.10140
1.4 0.02379
1.5 0.03812
1.6 0.03540
1.7 0.15977
1.8 0.04578
1.9 0.09425
2.0 0.12806
&
@target G3.S2
@type xy
-2.0 0.01554
-1.9 0.01418
-1.8 0.03081
-1.7 0.05467
-1.6 0.04922
-1.5 0.09547
-1.4 0.10628
-1.3 0.03653
-1.2 0.05166
-1.1 0.05100
-1.0 0.05954
-0.9 0.04063
-0.8 0.01520
-0.7 0.04186
-0.6 0.00486
-0.5 0.01397
-0.4 0.00925
-0.3 0.00021
-0.2 0.00083
-0.1 0.00289
0.0 0.00342
0.1 0.00136
0.2 0.00198
0.3 0.00114
0.4 0.01022
0.5 0.02091
0.6 0.02850
0.7 0.02145
0.8 0.04370
0.9 0.04301
1.0 0.05538
1.1 0.00428
1.2 0.00279
1.3 0.01646
1.4 0.05288
1.5 0.05202
1.6 0.00939
1.7 0.02764
1.8 0.03589
1.9 0.01010
2.0 0.00211
&
@target G4.S2
@type xy
-2.0 0.04542
-1.9 0.01747
-1.8 0.04722
-1.7 0.08168
-1.6 0.02526
-1.5 0.01037
-1.4 0.12227
-1.3 0.09778
-1.2 0.04531
-1.1 0.10611
-1.0 0.08461
-0.9 0.15042
-0.8 0.10117
-0.7 0.19046
-0.6 0.13187
-0.5 0.01737
-0.4 0.01363
-0.3 0.00078
-0.2 0.01049
-0.1 0.00007
0.0 0.00018
0.1 0.00039
0.2 0.03762
0.3 0.05559
0.4 0.06032
0.5 0.00326
0.6 0.05407
0.7 0.14051
0.8 0.06125
0.9 0.10059
1.0 0.15329
1.1 0.16351
1.2 0.16670
1.3 0.47856
1.4 0.44655
1.5 0.34685
1.6 0.23410
1.7 0.14973
1.8 0.37838
1.9 0.25080
2.0 0.27130
&
@target G5.S2
@type xy
-2.0 0.11307
-1.9 0.10548
-1.8 0.10126
-1.7 0.08187
-1.6 0.17282
-1.5 0.12020
-1.4 0.04611
-1.3 0.07682
-1.2 0.08873
-1.1 0.06305
-1.0 0.05476
-0.9 0.00379
-0.8 0.00389
-0.7 0.00780
-0.6 0.01024
-0.5 0.01007
-0.4 0.00703
-0.3 0.01060
-0.2 0.00005
-0.1 0.00016
0.0 0.01662
0.1 0.01521
0.2 0.01537
0.3 0.00896
0.4 0.01189
0.5 0.03834
0.6 0.03310
0.7 0.03021
0.8 0.09002
0.9 0.05095
1.0 0.16572
1.1 0.05094
1.2 0.17443
1.3 0.16457
1.4 0.10135
1.5 0.03446
1.6 0.08755
1.7 0.02027
1.8 0.02815
1.9 0.11495
2.0 0.01559
&
